{
 "cells": [
  {
   "cell_type": "markdown",
   "id": "49546b3d",
   "metadata": {},
   "source": [
    "# Esame Laboratorio di Programmazione II - 22/07/2025\n"
   ]
  },
  {
   "cell_type": "markdown",
   "id": "d80cf9b8",
   "metadata": {},
   "source": [
    "Scrivete chiaramente sul notebook il vostro nome e matricola e rinominate il file che consegnate come `matricola.ipynb` (la matricola è SMnumeri o ECnumeri).\n",
    "\n",
    "Per ogni funzione e metodo che richiede un campionamento rispetto ad una distribuzione settate il seed a 0: ``np.random.seed(0)``.\n",
    "\n",
    "Stampate il risultato delle domande e consegnate il compito eseguito, quindi per cui ogni cella ha il corrispondente output.\n",
    "Quindi ad esempio\n",
    "\n",
    "e.g., \n",
    "NON scrivete: \n",
    "```python \n",
    "    lista=np.array([1,2,3])\n",
    "```\n",
    "ma \n",
    "```python\n",
    "    lista=np.array([1,2,3]) \n",
    "    print('lista =', lista)   \n",
    "```\n",
    "Attenzione!Se scrivete:\n",
    "```python\n",
    "    lista=np.array([1,2,3])\n",
    "    lista\n",
    "```\n",
    "``lista`` sarà l'unico ouput che si vede di quella cella\n",
    "\n",
    "NB: Potete usare anche più di una cella python per domanda e se l'output è una matrice molto grande non dovete stamparla.\n",
    "\n",
    "Sarà valutata anche la presentazione, ad esempio un plot senza etichette sugli assi o illeggibili sarà valutato meno bene di uno con etichette chiare.\n",
    "\n",
    "Cercate di commmentare il compito di modo che si capisca cosa avete fatto.\n",
    "\n",
    "Controllate attentamente di avere consegnato il file giusto."
   ]
  },
  {
   "cell_type": "code",
   "execution_count": null,
   "id": "b381b396",
   "metadata": {},
   "outputs": [],
   "source": []
  },
  {
   "cell_type": "markdown",
   "id": "0944d24f",
   "metadata": {},
   "source": [
    "## Esercizio 1\n",
    "\n",
    "Crea un vettore NumPy con le seguenti spese annuali per l’auto (in euro) sostenute da 7 persone:\n",
    "3200, 2750, 4100, 3600, 2950, 5100, 4400\n",
    "\n",
    "1. Calcola la spesa totale complessiva sostenuta dal gruppo.\n",
    "\n",
    "2. Le persone con spese minori di 3000 € ottengono una detrazione fiscale del 15%. Applica la modifica al vettore.\n",
    "\n",
    "3. Quanto ha risparmiato il gruppo dopo la detrazione fiscale?\n"
   ]
  },
  {
   "cell_type": "code",
   "execution_count": 3,
   "id": "7c2e63b1",
   "metadata": {},
   "outputs": [
    {
     "name": "stdout",
     "output_type": "stream",
     "text": [
      "26100.0\n",
      "[3200.  2337.5 4100.  3600.  2507.5 5100.  4400. ]\n",
      "855.0\n"
     ]
    }
   ],
   "source": [
    "import numpy as np\n",
    "speseAnnuali=np.array([3200, 2750, 4100, 3600, 2950, 5100, 4400], dtype=float)\n",
    "somma=np.sum(speseAnnuali)\n",
    "speseAnnuali[speseAnnuali<3000]=speseAnnuali[speseAnnuali<3000]*0.85\n",
    "diff=somma-np.sum(speseAnnuali)\n",
    "print(somma)\n",
    "print(speseAnnuali)\n",
    "print(diff)\n"
   ]
  },
  {
   "cell_type": "markdown",
   "id": "d521ad3c",
   "metadata": {},
   "source": [
    "## Esercizio 2\n",
    "1. Scrivi una funzione che simula il lancio di un dado per N volte e restituisce un array con il numero di volte che è uscita ciascuna faccia (da 1 a 6).\n",
    "2. Calcolare la frequenza % con la dimensione del campione (numero di lanci) 100 volte da 10 a 5000.  Ottieni così 100 array di frequenze.\n",
    "3. Fai il plot dell’andamento della frequenza media delle facce 1, 3 e 6 in funzione della dimensione del campione.\n",
    "\n"
   ]
  },
  {
   "cell_type": "code",
   "execution_count": 4,
   "id": "e5a571d8",
   "metadata": {},
   "outputs": [
    {
     "data": {
      "text/plain": [
       "array([[0.        , 0.        , 0.3       , 0.3       , 0.2       ,\n",
       "        0.2       ],\n",
       "       [0.16666667, 0.15      , 0.18333333, 0.23333333, 0.11666667,\n",
       "        0.15      ],\n",
       "       [0.15454545, 0.14545455, 0.17272727, 0.17272727, 0.18181818,\n",
       "        0.17272727],\n",
       "       [0.17391304, 0.13043478, 0.1552795 , 0.18012422, 0.16770186,\n",
       "        0.19254658],\n",
       "       [0.14218009, 0.16587678, 0.1943128 , 0.1563981 , 0.1943128 ,\n",
       "        0.14691943],\n",
       "       [0.17557252, 0.18320611, 0.15267176, 0.17938931, 0.14503817,\n",
       "        0.16412214],\n",
       "       [0.17628205, 0.17307692, 0.17628205, 0.14423077, 0.17628205,\n",
       "        0.15384615],\n",
       "       [0.18232044, 0.16022099, 0.1961326 , 0.14640884, 0.16298343,\n",
       "        0.1519337 ],\n",
       "       [0.16707022, 0.15254237, 0.18159806, 0.16949153, 0.18644068,\n",
       "        0.14285714],\n",
       "       [0.174946  , 0.1663067 , 0.16414687, 0.14686825, 0.18142549,\n",
       "        0.1663067 ],\n",
       "       [0.1381323 , 0.16342412, 0.192607  , 0.1536965 , 0.18677043,\n",
       "        0.16536965],\n",
       "       [0.16666667, 0.16843972, 0.17907801, 0.16134752, 0.15248227,\n",
       "        0.17198582],\n",
       "       [0.16449511, 0.17915309, 0.18403909, 0.14820847, 0.17263844,\n",
       "        0.1514658 ],\n",
       "       [0.17443609, 0.15488722, 0.15789474, 0.16240602, 0.17293233,\n",
       "        0.17744361],\n",
       "       [0.15104895, 0.16783217, 0.13986014, 0.15944056, 0.21258741,\n",
       "        0.16923077],\n",
       "       [0.17754569, 0.14751958, 0.17885117, 0.1618799 , 0.15926893,\n",
       "        0.17493473],\n",
       "       [0.15441176, 0.17156863, 0.17769608, 0.19485294, 0.16789216,\n",
       "        0.13357843],\n",
       "       [0.14549654, 0.16281755, 0.16628176, 0.16628176, 0.16859122,\n",
       "        0.19053118],\n",
       "       [0.16902944, 0.15594329, 0.16575791, 0.15921483, 0.18647764,\n",
       "        0.16357688],\n",
       "       [0.16028956, 0.17063082, 0.14994829, 0.18097208, 0.14994829,\n",
       "        0.18821096],\n",
       "       [0.18074656, 0.13850688, 0.15815324, 0.17092338, 0.1611002 ,\n",
       "        0.19056974],\n",
       "       [0.15730337, 0.18164794, 0.14981273, 0.16104869, 0.16666667,\n",
       "        0.1835206 ],\n",
       "       [0.16636852, 0.17531306, 0.16905188, 0.16457961, 0.16905188,\n",
       "        0.15563506],\n",
       "       [0.15911035, 0.15055603, 0.18135158, 0.17023097, 0.17194183,\n",
       "        0.16680924],\n",
       "       [0.16735029, 0.15422477, 0.18539787, 0.17555373, 0.16160788,\n",
       "        0.15586546],\n",
       "       [0.16062992, 0.15590551, 0.16535433, 0.16929134, 0.15511811,\n",
       "        0.19370079],\n",
       "       [0.15530303, 0.15909091, 0.1780303 , 0.1780303 , 0.16287879,\n",
       "        0.16666667],\n",
       "       [0.15693431, 0.15766423, 0.16423358, 0.17080292, 0.17372263,\n",
       "        0.17664234],\n",
       "       [0.17522871, 0.1583392 , 0.15904293, 0.1653765 , 0.16396904,\n",
       "        0.17804363],\n",
       "       [0.16111489, 0.16791298, 0.17878994, 0.15703603, 0.17675051,\n",
       "        0.15839565],\n",
       "       [0.15571616, 0.18068331, 0.17345598, 0.16425756, 0.16688568,\n",
       "        0.15900131],\n",
       "       [0.16221374, 0.15585242, 0.17239186, 0.16412214, 0.1673028 ,\n",
       "        0.17811705],\n",
       "       [0.15782984, 0.16029593, 0.18187423, 0.17139334, 0.17447596,\n",
       "        0.1541307 ],\n",
       "       [0.16616856, 0.17154812, 0.14704124, 0.18410042, 0.16019127,\n",
       "        0.17095039],\n",
       "       [0.16308764, 0.16482879, 0.16947185, 0.17701683, 0.15902496,\n",
       "        0.16656994],\n",
       "       [0.17023675, 0.15445321, 0.16516347, 0.16854566, 0.17305524,\n",
       "        0.16854566],\n",
       "       [0.17598684, 0.17050439, 0.1754386 , 0.16173246, 0.15953947,\n",
       "        0.15679825],\n",
       "       [0.16595518, 0.16862327, 0.16808965, 0.17929562, 0.1696905 ,\n",
       "        0.14834578],\n",
       "       [0.16467532, 0.16519481, 0.18077922, 0.17194805, 0.16155844,\n",
       "        0.15584416],\n",
       "       [0.17316456, 0.18379747, 0.15848101, 0.16253165, 0.16303797,\n",
       "        0.15898734],\n",
       "       [0.15745311, 0.17472853, 0.16485686, 0.17374136, 0.17127345,\n",
       "        0.15794669],\n",
       "       [0.16666667, 0.1522158 , 0.16907514, 0.17244701, 0.16233141,\n",
       "        0.17726397],\n",
       "       [0.17168391, 0.17121355, 0.1533396 , 0.16886171, 0.15992474,\n",
       "        0.17497648],\n",
       "       [0.16398714, 0.17960496, 0.16995866, 0.15296279, 0.16766192,\n",
       "        0.16582453],\n",
       "       [0.1674899 , 0.15536596, 0.16614279, 0.17871576, 0.1701841 ,\n",
       "        0.16210148],\n",
       "       [0.16374012, 0.16593503, 0.15978929, 0.16856892, 0.17076383,\n",
       "        0.17120281],\n",
       "       [0.16537801, 0.16795533, 0.16967354, 0.15850515, 0.17182131,\n",
       "        0.16666667],\n",
       "       [0.16947014, 0.16526493, 0.16190076, 0.16904962, 0.17031119,\n",
       "        0.16400336],\n",
       "       [0.16426513, 0.15314944, 0.17167559, 0.17743928, 0.16755867,\n",
       "        0.1659119 ],\n",
       "       [0.16901977, 0.153691  , 0.17708754, 0.16659944, 0.16619605,\n",
       "        0.16740621],\n",
       "       [0.16126482, 0.16798419, 0.18577075, 0.16719368, 0.17628458,\n",
       "        0.14150198],\n",
       "       [0.17054264, 0.1627907 , 0.16317829, 0.16395349, 0.17635659,\n",
       "        0.16317829],\n",
       "       [0.17255796, 0.16191562, 0.17483846, 0.15925504, 0.16305587,\n",
       "        0.16837704],\n",
       "       [0.16635584, 0.15964192, 0.18575159, 0.16635584, 0.15814994,\n",
       "        0.16374487],\n",
       "       [0.15781765, 0.17063347, 0.16514097, 0.17978762, 0.16367631,\n",
       "        0.16294398],\n",
       "       [0.16211359, 0.17613228, 0.17217829, 0.15420561, 0.16786485,\n",
       "        0.16750539],\n",
       "       [0.17196328, 0.16419492, 0.17620056, 0.15960452, 0.16066384,\n",
       "        0.16737288],\n",
       "       [0.17412418, 0.17169615, 0.16579951, 0.16961498, 0.16337149,\n",
       "        0.15539369],\n",
       "       [0.17047392, 0.1653597 , 0.16706444, 0.1738834 , 0.1646778 ,\n",
       "        0.15854074],\n",
       "       [0.16862219, 0.15588334, 0.17230976, 0.1645994 , 0.1575595 ,\n",
       "        0.18102581],\n",
       "       [0.16743573, 0.16941332, 0.17040211, 0.15952538, 0.16809492,\n",
       "        0.16512854],\n",
       "       [0.16861219, 0.15239948, 0.16439689, 0.17347601, 0.16796368,\n",
       "        0.17315175],\n",
       "       [0.17256778, 0.17001595, 0.16236045, 0.16267943, 0.17192982,\n",
       "        0.16044657],\n",
       "       [0.1711146 , 0.16546311, 0.1733124 , 0.16640502, 0.15572998,\n",
       "        0.16797488],\n",
       "       [0.16352396, 0.16414219, 0.17743431, 0.16414219, 0.1690881 ,\n",
       "        0.16166924],\n",
       "       [0.17072428, 0.16311625, 0.169507  , 0.16768107, 0.15976872,\n",
       "        0.16920268],\n",
       "       [0.16636691, 0.15977218, 0.17565947, 0.16456835, 0.16756595,\n",
       "        0.16606715],\n",
       "       [0.17330971, 0.1662238 , 0.16740478, 0.16120461, 0.16474756,\n",
       "        0.16710954],\n",
       "       [0.15856852, 0.16031423, 0.16235089, 0.1754437 , 0.17224324,\n",
       "        0.17107943],\n",
       "       [0.16805277, 0.16289074, 0.16231718, 0.16174362, 0.17866361,\n",
       "        0.16633209],\n",
       "       [0.16902205, 0.18061051, 0.15602035, 0.15969474, 0.17382702,\n",
       "        0.16082533],\n",
       "       [0.16861761, 0.17112598, 0.16694537, 0.16109253, 0.16778149,\n",
       "        0.16443701],\n",
       "       [0.16543006, 0.16762847, 0.17010168, 0.16158285, 0.16405606,\n",
       "        0.17120088],\n",
       "       [0.16806723, 0.16779615, 0.16237463, 0.1569531 , 0.17538628,\n",
       "        0.16942261],\n",
       "       [0.1692966 , 0.16073817, 0.15940091, 0.17999465, 0.17009896,\n",
       "        0.16047071],\n",
       "       [0.17203166, 0.16437995, 0.1651715 , 0.15989446, 0.16912929,\n",
       "        0.16939314],\n",
       "       [0.16067708, 0.159375  , 0.1671875 , 0.17005208, 0.17552083,\n",
       "        0.1671875 ],\n",
       "       [0.17116423, 0.16679517, 0.17039322, 0.16679517, 0.16345412,\n",
       "        0.1613981 ],\n",
       "       [0.16366404, 0.16188785, 0.15884293, 0.17153007, 0.17254504,\n",
       "        0.17153007],\n",
       "       [0.1583563 , 0.16887998, 0.16487096, 0.16812829, 0.17313956,\n",
       "        0.16662491],\n",
       "       [0.15982187, 0.16699654, 0.16501732, 0.16872835, 0.16625433,\n",
       "        0.17318159],\n",
       "       [0.15860215, 0.16617791, 0.17473118, 0.16373412, 0.1698436 ,\n",
       "        0.16691105],\n",
       "       [0.16751147, 0.16533913, 0.16678735, 0.16847695, 0.16992517,\n",
       "        0.16195993],\n",
       "       [0.16813737, 0.16622943, 0.15931314, 0.16909134, 0.16193656,\n",
       "        0.17529215],\n",
       "       [0.16686307, 0.15837851, 0.16427056, 0.17770445, 0.17110535,\n",
       "        0.16167806],\n",
       "       [0.16301816, 0.16581276, 0.16627853, 0.17093619, 0.17326502,\n",
       "        0.16068933],\n",
       "       [0.15999079, 0.16505525, 0.17495396, 0.16298343, 0.17472376,\n",
       "        0.16229282],\n",
       "       [0.16723549, 0.1738339 , 0.16564278, 0.16222981, 0.16564278,\n",
       "        0.16541524],\n",
       "       [0.17097863, 0.15860517, 0.16580427, 0.16895388, 0.17030371,\n",
       "        0.16535433],\n",
       "       [0.15839822, 0.16818687, 0.16351502, 0.16952169, 0.17196885,\n",
       "        0.16840934],\n",
       "       [0.16937967, 0.17377915, 0.17157941, 0.16608007, 0.15046194,\n",
       "        0.16871975],\n",
       "       [0.17014795, 0.16231506, 0.16753699, 0.16862489, 0.16579634,\n",
       "        0.16557876],\n",
       "       [0.17516677, 0.16763503, 0.16591349, 0.17236927, 0.15816656,\n",
       "        0.16074887],\n",
       "       [0.16478603, 0.15903768, 0.16393443, 0.17181179, 0.17032148,\n",
       "        0.17010858],\n",
       "       [0.17632189, 0.15883716, 0.17358332, 0.15673057, 0.17295134,\n",
       "        0.16157573],\n",
       "       [0.1621509 , 0.1684035 , 0.17361401, 0.15610671, 0.17173822,\n",
       "        0.16798666],\n",
       "       [0.15594059, 0.1790429 , 0.16831683, 0.17017327, 0.16192244,\n",
       "        0.16460396],\n",
       "       [0.16533987, 0.17146356, 0.1673811 , 0.16513574, 0.17146356,\n",
       "        0.15921617],\n",
       "       [0.16973126, 0.17276217, 0.17296424, 0.15983027, 0.16043645,\n",
       "        0.16427561],\n",
       "       [0.1612    , 0.1702    , 0.1762    , 0.1662    , 0.1656    ,\n",
       "        0.1606    ]])"
      ]
     },
     "execution_count": 4,
     "metadata": {},
     "output_type": "execute_result"
    }
   ],
   "source": [
    "\n",
    "def lanci(N):\n",
    "    array=np.array(np.random.choice(np.arange(1,7),N,replace=True))\n",
    "    return np.bincount(array, minlength=7)[1:]\n",
    "lanci(100)\n",
    "volte=np.linspace(10,5000,100,dtype=int)\n",
    "frequenze=np.array([lanci(x)/x for x in volte] )\n",
    "frequenze\n"
   ]
  },
  {
   "cell_type": "code",
   "execution_count": 5,
   "id": "96855315",
   "metadata": {},
   "outputs": [
    {
     "name": "stdout",
     "output_type": "stream",
     "text": [
      "[[ 4.38545358  2.21249752  5.73008013 -2.90474268 -3.04896508 -0.66993926\n",
      "  -1.41978706]\n",
      " [-1.3887232  -5.83485998  2.63202327 -2.05560332  1.74222794 -2.32968357\n",
      "   5.39087663]\n",
      " [-6.02892645  0.99753207 -3.84823254  1.34225749 -1.1712511  -1.37659399\n",
      "   0.90151779]\n",
      " [-8.15604261 -5.07168896  2.99506359  2.15556289 12.97216294  3.40823526\n",
      "  -2.15228878]\n",
      " [-1.74368618  0.34957665  9.83388965  3.75638613 -7.43545356 -2.29805591\n",
      "   0.48409027]\n",
      " [-3.5146846   2.1600654   2.72985051  6.57231676 -8.54941721  6.21507209\n",
      "   0.43741651]\n",
      " [ 2.19923447  5.98148429 -1.02146686 -4.07411686 -3.20461936 -3.13670708\n",
      "  15.60283642]]\n",
      "[ 5.73008013 -5.83485998 -6.02892645 12.97216294  9.83388965 -8.54941721\n",
      " 15.60283642]\n"
     ]
    },
    {
     "data": {
      "text/plain": [
       "np.int64(4)"
      ]
     },
     "execution_count": 5,
     "metadata": {},
     "output_type": "execute_result"
    }
   ],
   "source": [
    "matrice=5 * np.random.randn(7,7)\n",
    "print(matrice)\n",
    "valLontano=np.argmax(abs(matrice), axis=1)\n",
    "valori=matrice[np.arange(7),valLontano]\n",
    "somma=np.sum(valori>0)\n",
    "print(valori)\n",
    "somma"
   ]
  },
  {
   "cell_type": "markdown",
   "id": "df5794d6",
   "metadata": {},
   "source": [
    "## Esercizio 4 \n",
    "\n",
    "Utilizza il dataset cereal.csv.\n",
    "\n",
    "Contiene dati nutrizionali (proteine, fibre, calorie, zuccheri, ecc.) per circa 70 cereali.\n",
    "\n",
    "\n",
    "1.  Aggiungi una colonna chiamata `nutri_score`, definita come:\n",
    "$$\n",
    "\\texttt{nutri\\_score} = \\frac{\\texttt{protein} + \\texttt{fiber}}{\\texttt{calories}}\n",
    "$$\n",
    "\n",
    "Indica quanti nutrienti positivi ci sono per ogni caloria: più è alto, più il cereale è \"nutriente a parità di energia.\n",
    "\n",
    "2. Trova i **5 cereali con il `nutri_score` più alto** e stampali con `name` e `nutri_score`.\n",
    "\n",
    "3. Filtra i cereali che soddisfano entrambi i criteri:\n",
    "\n",
    "   - meno di 120 calorie  \n",
    "   - più di 2 grammi di fibra \n",
    "\n",
    "\n",
    "4. **Crea un grafico a barre** dei **10 cereali con il `nutri_score` più alto**, usando `name` sull’asse x.\n",
    "\n",
    "5. Crea uno **scatter plot** (grafico a punti) che visualizzi:\n",
    "\n",
    "   - `calories` sull’asse x  \n",
    "   - `nutri_score` sull’asse y\n",
    "   - `protein` nel colore dei punti\n"
   ]
  },
  {
   "cell_type": "code",
   "execution_count": null,
   "id": "ea21d2dd",
   "metadata": {},
   "outputs": [],
   "source": []
  },
  {
   "cell_type": "markdown",
   "id": "9a478a52",
   "metadata": {},
   "source": [
    "## Esercizio 5 \n",
    "\n",
    "Utilizza il dataset `imdb_top_1000.csv`, che contiene informazioni su 1000 film recensiti su IMDB.\n",
    "\n",
    "1. Quanti **valori mancanti** ci sono per colonna? Elimina le righe con i valori mancanti.\n",
    "\n",
    "2. Elimina la colonna `Overview`. Aggiungi una colonna (`main_genre`) con solo il primo genere della colonna `genre`. Quali sono i 5 generi più frequenti?\n",
    "\n",
    "3. Che attore/attrice è stato/a più volte la `Star1` e quello/a che ha fatto più film.\n",
    "\n",
    "4. Calcola l'IMDB_rating medio e il Gross medio di ogni genere. Fai uno scatter plot dell'IMDB_rating medio e il Gross medio di ogni genere. Riesci a mettere anche l'ettichetta del genere?\n",
    "\n",
    "5. Visualizza la distribuzione del IMDB_rating  e la distribuzione del `Gross` dei primi 5 main_genre. (Hint fai due violin plot).\n",
    "\n",
    "\n"
   ]
  },
  {
   "cell_type": "code",
   "execution_count": null,
   "id": "18987a94",
   "metadata": {},
   "outputs": [],
   "source": []
  },
  {
   "cell_type": "markdown",
   "id": "957705ce",
   "metadata": {},
   "source": [
    "## Esercizio 6\n",
    "\n",
    "Considera i seguenti dati, che :\n",
    "\n",
    "`x = np.linspace(0, 10, 100)`  \n",
    "`y = -3.5 * x + 2 + np.random.normal(0, 10, 100)`\n",
    "\n",
    "Cerca di riprodurre la retta fittando i parametri della funzione y = ax + b.\n",
    "\n",
    "1. Stima i parametri della retta.\n",
    "2. Calcola l’intervallo di confidenza al 95% dei parametri a e b.\n",
    "N.B il secondo output del metodo curve_fit è proprio la matrice di covarianza: `params, cov = curve_fit(retta, x, y)`. \n",
    "L'**errore standard** di ciascun parametro si calcola come:\n",
    "\n",
    "$$\n",
    "\\text{errore\\_standard}_i = \\sqrt{\\text{cov}(i, i)}\n",
    "$$\n",
    "\n",
    "dove $\\text{cov}(i, i)$ è l'elemento diagonale $i$-esimo della **matrice di covarianza**.\n",
    "\n",
    "L’**intervallo di confidenza al 95%** si approssima con:\n",
    "\n",
    "$$\n",
    "\\text{parametro}_i \\pm 1.96 \\times \\text{errore\\_standard}_i\n",
    "$$\n",
    "3. Plotta i punti originali e la retta ottenuta con anche l'intervallo di confidenza"
   ]
  },
  {
   "cell_type": "code",
   "execution_count": null,
   "id": "24c7bffa",
   "metadata": {},
   "outputs": [],
   "source": []
  }
 ],
 "metadata": {
  "kernelspec": {
   "display_name": "LaboProg",
   "language": "python",
   "name": "python3"
  },
  "language_info": {
   "codemirror_mode": {
    "name": "ipython",
    "version": 3
   },
   "file_extension": ".py",
   "mimetype": "text/x-python",
   "name": "python",
   "nbconvert_exporter": "python",
   "pygments_lexer": "ipython3",
   "version": "3.13.11"
  }
 },
 "nbformat": 4,
 "nbformat_minor": 5
}
